329415
195137
769
38264
3358
81239
2398
99899
109557
45877
202932
70200
75436
7380
19060
56892
505
78577
19544
79191
93892
192311
244202
7701
325537
8848
15145
245
3181
392
7503
3967
87037
345
609
252
217833
40315
482
1724
66311
3950
3799
2569
5170
322
350
1058
186184
1096
386039
168041
2367
80590
3530
20255
242761
16281
9023
3931
710
80801
17943
4931
2757
178210
13295
28566
28747
39917
190588
709
86478
271
16927
9799
48693
46072
84477
22792
38559
94691
226709
49466
45318
50901
3409
54722
12633
15659
7323
42355
198324
46123
47307
45216
76972
26007
31435
93816
49018
163954
245091
9701
427155
10379
327132
365253
