1128641312 0
1128970727 0
1129165864 0
1129166633 0
1129204897 0
1129208255 59
1129289553 0
1129291951 0
1129391850 88
1129501495 42
1129547414 0
1129750346 0
1129820546 1
1129895983 0
1129903363 0
1129922423 0
1129979315 140
1129979960 0
1130058537 71
1130078152 149
1130157492 0
1130251384 104
1130443799 43
1130688044 0
1130695745 0
1131021282 0
1131030130 67
1131045342 0
1131045587 0
1131048768 0
1131049160 0
1131056663 0
1131060630 0
1131147667 0
1131148012 0
1131148621 0
1131148873 1
1131366707 129
1131407151 0
1131407633 134
1131409491 0
1131475802 0
1131479752 0
1131483551 13
1131486133 19
1131491322 0
1131491644 0
1131491994 0
1131493052 0
1131679236 0
1131680332 19
1132066390 0
1132234431 0
1132236798 0
1132317388 64
1132320982 0
1132341237 0
1132583998 0
1132600279 0
1132609302 0
1132613233 49
1132613992 0
1132694793 0
1132712736 120
1132717787 0
1132720544 0
1132898754 57
1132912106 0
1132940672 0
1132969419 0
1133009336 70
1133199994 77
1133200780 143
1133287401 128
1133287800 2
1133304729 0
1133314528 1
1133363222 0
1133409294 501
1133494272 0
1133517064 0
1133555623 1
1133650315 0
1133877024 1
1133926491 0
1133971809 0
1134022710 0
1134026119 0
1134080841 13
1134093487 0
1134109146 0
1134116469 1
1134158825 406
1134357555 147
1134403825 0
1134451132 0
1134496348 70
1134573390 0
1134599397 156
1134630988 109
1134724913 0
1134773931 0
1134937885 0
1135182976 0
1135192677 0
1135619832 0
1135630211 0
1135957343 0
