329411
195134
771
38256
3253
83605
99832
109547
45933
202900
70223
75440
7384
19857
2700
152218
79102
93974
192232
244291
7639
325655
8727
5150
331384
59349
640225
18782
149341
2236
80480
23812
242671
16101
4146
4938
3861
536
284727
13306
28559
68744
194571
96097
14483
94679
145947
66371
23180
4789
70735
1570
119710
33586
94865
88753
48446
7448
241086
46203
47247
45218
76985
25986
31430
93811
48895
164080
681948
10353
327135
