1128641385 0
1128970796 0
1129165930 0
1129166701 0
1129204957 0
1129208210 174
1129291989 0
1129391821 183
1129501551 0
1129547484 0
1129750384 0
1129820607 0
1129896047 1
1129903432 0
1129923289 0
1129925989 0
1130078207 159
1130157468 0
1130251442 115
1130443789 0
1130688080 0
1130695719 0
1131021374 0
1131030101 165
1131035416 0
1131366800 108
1131426257 0
1132066482 0
1132085264 0
1132234605 15
1132236856 155
1132317491 1
1132341304 0
1132583975 0
1132600076 230
1132604452 0
1132609390 0
1132613251 0
1132613787 251
1132898765 136
1132912207 1
1132940767 0
1133009511 0
1133204082 1
1133300180 0
1133314663 0
1133409342 430
1133555719 1
1133622091 0
1133645271 272
1133650332 0
1133721067 512
1133723149 590
1133843449 0
1133877035 1
1133971901 0
1134060654 0
1134109100 0
1134116548 1
1134357635 50
1134403888 58
1134451193 98
1134496509 0
1134573494 0
1134599480 138
1134631048 105
1134724964 0
1134773859 0
1134937939 1
1135619888 0
1135630241 0
