19914
61004
16776
28641
46370
6322
828
42425
10703
12793
406
26632
30175
17837
969
7928
1778
16349
126877
397
52760
14834
647
23354
14747
3144
7069
7654
438
21538
1454
42846
284
1987
3657
469
1152
1109
1415
851
561
90571
24162
2388
81575
1079
2610
2302
39850
788
73881
15593
5727
2949
87449
1070
4242
4162
6492
865
25414
44661
75314
7267
16838
2109
320
428
2677
53297
505
1036
8721
13610
49060
5913
16120
3316
9778
2980
1711
44047
3297
17073
37949
2663
14566
38602
4165
17621
103489
37654
11133
17796
35418
40944
9296
2451
8949
29359
223
7049
34019
16106
57694
7518
4129
3721
96823
9895
9632
13579
1036
186295
8659
5121
768
2881
1478
4156
245
3181
392
6949
406
3966
17256
35236
15493
15147
2543
1289
345
609
252
5266
52608
6935
66499
86337
40226
482
302
1394
16762
29471
19977
3950
3785
2554
5167
294
350
1058
6450
26080
152907
650
1082
10653
48814
5966
20249
21637
139624
7927
9875
26965
45364
788
1631
1047
13741
21779
9272
18280
483
762
444
14401
9779
428
10899
21921
25126
2072
533
1439
7741
8161
1882
37967
925
578
1762
614
374
835
260
1794
1812
4735
6553
20168
240
22502
22588
1431
3394
20170
106821
495
6275
22886
8676
64241
2687
21062
756
7905
595
1949
9323
4100
4034
4719
3773
450
3830
2175
63722
5276
5503
5169
5086
1830
503
5334
3834
1096
2756
490
1401
61181
6339
1548
8001
25303
16439
12314
44826
13131
28382
28622
39914
35264
6904
7612
2657
3171
68905
15250
49206
708
3138
18314
1998
56524
6451
271
12359
4515
1954
7685
2876
38439
2896
4325
34024
12014
32898
9882
4836
314
590
3969
31828
22654
21365
202
16764
1469
17079
40178
830
6726
3281
19708
245
4771
13456
474
51592
5114
1276
294
1226
399
440
356
347
341
82003
8625
17223
8355
3085
262
268
267
25946
2589
671
42704
263
2078
4269
2953
30588
11662
50799
3409
32273
2194
20180
12629
15550
7195
34040
8123
440
319
34632
161150
46002
47149
45040
76814
25825
31269
93657
48044
674
66770
9076
45836
892
34744
6531
68581
1751
93702
6878
31354
37465
973
245
237
209
342
560
2541
6345
3354
65248
19750
783
1002
123472
31883
21997
14632
45689
33859
20048
5993
2247
23198
16917
4653
5588
19546
130224
2647
9025
47498
117974
175640
154427
30655
4368
67729
