17
130
49
76
67
58
68
52
48
77
83
0
74
84
4
0
346
256
123
87
0
73
115
115
68
128
242
0
0
0
71
70
120
1
59
0
0
0
0
1
0
0
243
29
60
126
126
120
135
7
124
0
43
0
110
156
0
48
0
41
55
59
116
114
117
30
83
27
21
39
140
0
61
73
51
52
71
98
240
15
54
0
12
56
119
0
0
54
234
51
55
80
118
0
120
38
0
57
37
39
11
165
55
2205
39
117
119
52
52
86
38
37
65
38
123
240
14
556
28
58
0
0
0
0
148
1
0
4
0
0
56
13
0
0
0
1
53
60
0
60
233
0
162
0
0
4
97
0
1
28
35
28
0
0
0
29
4
64
0
36
32
52
0
48
55
71
62
50
47
46
32
133
28
3
0
154
0
3
4
4
1
1
189
1
8
140
1
0
30
0
9
1
0
30
31
9
10
27
216
98
257
2
0
62
38
197
7
0
139
125
117
76
0
94
119
94
100
88
0
20
320
27
0
0
383
21
236
101
331
30
0
184
7
1
18
1
0
1
120
1
1
1
1
1
0
4
1
1
14
203
140
173
178
180
1
242
247
223
200
207
205
195
173
78
143
53
0
0
0
128
2
53
32
30
249
0
0
1
15
1
544
0
1
1
13
20
52
126
125
78
22
188
0
40
1
7
77
122
21
18
21
33
33
29
512
0
590
62
0
29
62
80
72
0
19
52
20
29
28
28
29
0
369
16
29
30
81
1
39
0
176
1
3
0
72
14
4
189
142
98
2061
73
1
46
183
215
202
190
203
295
231
177
19
241
2
0
5
8
18
196
25
25
2
25
1
0
0
1
1
1
1
1
1
1
1
54
1
1
1
0
22
27
26
27
4
18
158
19
21
115
67
90
35
22
52
1
2
101
4
40
17
110
