1168458187 0
1168469212 0
1168480237 0
1168491262 0
1168502287 0
1168513311 1
1168524336 0
1168535361 0
1168546386 0
1168557411 0
1168568436 0
1168579461 0
1168590486 0
1168612536 0
1168623561 0
1168634585 0
1168656635 0
1170916741 0
1171321113 16103
1171337536 19425
1171357195 1311
1171358737 0
1171359013 1965
1171361199 1
1171361440 2498
1171365076 8514
1171374383 1552
1171376166 942
1171377332 5872
1171384133 126
1171384570 306
1171385121 7680
1171393958 7862
1171402050 688
1171403701 8535
1171412862 0
1171413115 1779
1171417328 2972
1171420612 1374
1171423115 852
1171424185 712
1171425135 5811
1171431954 9015
1171442011 9024
1171451986 8948
1171461999 3262
1171472631 1395
1171474305 145
1171474730 710
1171475696 1731
1171478338 4756
1171483366 1027
1171490036 1
1171501062 0
1174011576 840
