1167658913 0
1167669940 0
1167983750 0
1168097708 22
1168098536 22
1168099389 0
1168099802 203
1168101147 8
1168101366 21
1168103773 271
1168107939 52
1168815831 0
1168887326 0
1168970570 0
1169066841 0
1169418229 0
1170114156 0
1170212767 1
1170974937 0
1171065039 0
1171325708 0
1171419226 0
1171447660 0
1171482192 46
1171844294 0
1171846754 0
1171984572 29
1171998808 24
1172006396 23
1172010257 66
1172357078 150
1172433487 0
1172434532 0
1172530433 0
1172603030 0
1173133683 0
1173187311 0
1173212421 165
1173285686 0
1173290781 195
1173597731 0
1173631515 60
1173819131 0
1173960647 0
1174167475 0
1174245458 0
1174252862 0
1174340225 0
1174360996 0
1174383557 491
1174412220 0
1174415503 0
1174492039 0
1174514549 0
1174723850 0
1174874396 0
1174920421 19
1174920867 0
1174929130 66
