17508
1908
248
391
260
203
457
211
229
480
705
514
377
477
3812
1953
25906
12451
21004
22759
17370
200
200
19059
200
968
33504
12164
381
1101
2185
7675
26204
11025
1473
2879
5168
11025
11025
11025
1473
933
8619
1473
2076
7475
4959
200
4480
11025
1203
2916
6906
1473
9551
1133
7308
11025
1473
9552
1473
8502
12047
12498
9552
11025
1028
234
681
1776
806
831
413
1142
211
2386
1250
1280
1365
8328
22050
33075
22996
10039
33075
12807
6659
2463
11025
11872
4787
240
5244
580
10281
11024
1382
9632
11024
2389
8636
24015
7231
5469
4671
44100
9077
1931
8418
2701
2771
5256
2501
6607
4057
10930
11025
11024
3258
396
414
6743
714
444
5035
4738
1607
677
8718
11025
1794
8259
960
10913
4307
3327
3329
16191
4382
1477
1781
9184
10899
1018
2878
18154
5664
6553
1542
2152
8008
966
18968
19518
2947
8522
16582
16496
3252
780
1531
8669
1206
10172
5947
568
1785
12392
2551
562
1338
235
733
1281
621
1192
50351
4212
925
342
861
2816
464
276
249
740
672
497
425
2202
4694
8308
35599
22013
445
4390
1515
5991
96271
46616
89805
17056
1352
184641
9430
2488
29316
8862
54976
10515
29946
10648
18441
11059
21626
42372
24964
77219
143639
22378
53966
27502
108256
5955
92596
19713
52617
12103
18400
1562
78152
317
8595
310
3714
7457
316
8231
10768
54860
5779
33916
88198
52068
35814
209901
58196
16008
291
22370
25525
1163
11989
10468
25858
2031
957
287
548
16575
33511
5031
2843
647
3291
336
1317
248
289
1323
1352
231
209
9649
311
22908
281
3173
4326
264
519
512
7008
1796
2219
1379
3212
593
2196
362
3220
3883
2138
4169
16310
33796
32210
320
234
231
276
221
240
1138
793
231
224
929
311
245
1157
230
963
208
626
253
2434
312
1129
218
238
206
1008
1042
951
1065
7370
279
280
256
911
204
272
201
378
301
4159
11025
10414
13747
7341
31539
57932
72438
40105
12070
22324
14028
60987
2460
21435
1374
1257
1647
1279
1251
1088
2134
1244
1171
1506
810
232
982
558
261
1840
35798
59459
14207
2281
5282
200
3638
98239
248516
70525
5618
1045
51130
2753
18277
328
2149
21203
31473
33631
7492
220
15304
85113
110218
138984
60140
11571
9419
3591
86468
9399
53628
25110
7217
211
16251
545
246
568
39147
8671
5095
7161
299578
33784
13836
43835
15885
4590
9470
805
14579
22129
62201
220
108941
32295
37455
3582
9891
11106
347
3066
10254
14841
8076
258
340
8242
5244
64299
12608
12016
3015
1189
226
1482
3695
1149
7861
24864
16898
258
20695
220
2599
634
3951
59681
26934
450
12641
7679
2237
20263
16784
1869
9519
3283
220
9674
5787
48512
12326
1046
378
649
1644
928
7812
9774
31047
18050
18762
42227
21816
2296
3795
13316
1406
1937
12275
42206
12164
25972
11937
13479
10569
1487
3058
71869
1738
44287
368
1723
4367
2137
13587
857
