60
1
165
0
0
0
52
364
284
5306
195
0
1423
462
908
1
11
0
1417
0
125
199
398
124
398
457
0
0
214
17
0
17
0
0
0
0
1505
0
0
0
0
0
0
0
0
1
0
798
123
465
0
0
0
0
1
0
2584
0
0
0
0
0
28
0
0
0
0
20
990
182
22
22
0
203
8
21
271
0
0
52
0
0
0
40
0
0
121
0
0
0
17
0
17
37
0
0
1
10
1
0
0
0
1
10
2703
0
0
17
0
0
0
0
29
734
0
95
95
0
1
1
1
118
93
0
0
0
94
0
23
0
0
10
2
0
112
0
62
0
0
0
0
60
0
125
0
0
0
0
10
0
111
95
0
0
0
0
0
0
0
285
284
283
634
0
17
17
92
0
0
35
134
0
0
142
0
0
70
0
18
0
189
0
0
184
0
205
13
0
108
0
0
60
0
0
17
195
17
0
0
0
0
0
0
0
0
0
0
0
0
0
1
0
0
0
61
0
60
0
0
0
59
0
61
0
60
1
0
61
61
0
233
521
101
1
101
0
1
102
0
0
0
0
0
0
0
0
0
0
544
0
1199
544
0
1
0
0
160
0
53
195
0
0
711
3
29
13
65
2
192
0
1
9
24
231
12
0
71
0
0
7
14
0
0
1
2
0
12
693
0
22
2
0
168
3
0
0
61
16103
19425
1311
0
1965
1
2498
8514
1552
942
5872
126
306
7680
7862
688
2046
6281
0
1779
2972
1374
852
712
1643
3962
9015
9024
8948
3262
1395
145
710
1731
4110
442
1234
392
0
5
1
160
0
0
60
0
0
0
60
0
0
27
0
0
1
15
0
0
1
0
1
189
0
2
23
0
234
20
69
1799
86
0
81
24
1
23
0
66
0
266
0
0
0
60
0
0
0
1
0
0
1
0
0
0
0
117
1
0
84
23
1
0
0
0
221
0
6
27
0
0
0
155
0
195
16
0
223
1
61
0
0
0
0
1
0
0
60
0
0
1
0
840
0
0
0
1
97
0
0
60
0
0
0
0
0
0
0
44
0
167
1
0
241
193
209
0
0
0
0
0
0
748
0
1
0
61
491
0
0
0
0
0
0
0
17
0
18
0
18
220
23
0
0
0
0
60
1
0
39
0
0
0
67
1
0
0
11
0
0
0
0
0
0
0
78
0
18
18
66
285
