1167637660 60
1167655228 1
1167657137 165
1167657550 0
1167657941 0
1167658201 0
1167658404 52
1167658913 364
1167659488 284
1167660001 5306
1167665787 195
1167666687 0
1167667201 1423
1167669001 462
1167669940 908
1167674660 1
1167676614 11
1167702531 0
1167714982 1417
1167737403 0
1167760162 125
1167777657 199
1167778056 398
1167778654 124
1167797837 398
1167798435 457
1167799860 0
1167833364 0
1167845528 214
1167846123 17
1167847241 0
1167849426 17
1167857118 0
1167883322 0
1167894347 0
1167895820 0
1167898699 1505
1167905372 0
1167916397 0
1167927422 0
1167938447 0
1167939920 0
1167940853 0
1167949472 0
1167950945 0
1167953021 1
1167960497 0
1167965456 798
1167966454 123
1167971057 465
1167982547 0
1167983750 0
1167986666 0
1167993572 0
1167995045 1
1168004597 0
1168005730 2584
1168015622 0
1168026647 0
1168028120 0
1168037672 0
1168039145 0
1168047647 28
1168059722 0
1168072220 0
1168081772 0
1168092797 0
1168093825 20
1168094079 990
1168095750 182
1168097708 22
1168098536 22
1168099389 0
1168099802 203
1168101147 8
1168101366 21
1168103773 271
1168105294 0
1168106574 0
1168107939 52
1168116319 0
1168138369 0
1168171444 0
1168194440 40
1168204519 0
1168237594 0
1168250401 121
1168257181 0
1168259644 0
1168270669 0
1168282541 17
1168287345 0
1168287585 17
1168292846 37
1168293463 0
1168303744 0
1168314768 1
1168316151 10
1168325793 1
1168336818 0
1168339207 0
1168347843 0
1168371858 1
1168379090 10
1168384569 2703
1168391943 0
1168436043 0
1168445120 17
1168447068 0
1168455486 0
1168458187 0
1168460958 0
1168466214 29
1168468744 734
1168476085 0
1168480142 95
1168491167 95
1168502287 0
1168513311 1
1168516570 1
1168516967 1
1168517382 118
1168524243 93
1168525050 0
1168525494 0
1168530529 0
1168535267 94
1168536968 0
1168537645 23
1168546386 0
1168557411 0
1168559205 10
1168567474 2
1168568436 0
1168579349 112
1168583768 0
1168587095 62
1168590486 0
1168606677 0
1168611059 0
1168612536 0
1168614317 60
1168623561 0
1168634460 125
1168635603 0
1168638481 0
1168656635 0
1168662299 0
1168668852 10
1168670404 0
1168672556 111
1168680675 95
1168681736 0
1168700704 0
1168720222 0
1168723169 0
1168731691 0
1168748273 0
1168764769 0
1168768021 285
1168769086 284
1168770901 283
1168779853 634
1168781693 0
1168791865 17
1168797829 17
1168798414 92
1168800291 0
1168812683 0
1168815234 35
1168815831 134
1168817303 0
1168817538 0
1168818271 142
1168819694 0
1168820315 0
1168821507 70
1168871928 0
1168876140 18
1168877083 0
1168877425 189
1168878475 0
1168881291 0
1168881755 184
1168882215 0
1168882464 205
1168883409 13
1168884094 0
1168884591 108
1168885124 0
1168887326 0
1168892020 60
1168900388 0
1168935987 0
1168958000 17
1168958462 195
1168963047 17
1168964579 0
1168970570 0
1169066841 0
1169113457 0
1169203262 0
1169220318 0
1169221670 0
1169406311 0
1169415741 0
1169418229 0
1169447545 0
1169456407 0
1169511383 0
1169521898 1
1169551845 0
1169562493 0
1169580934 0
1169591993 61
1169613680 0
1169656052 60
1169681076 0
1169758295 0
1169901934 0
1169924312 59
1169978337 0
1170005839 61
1170114156 0
1170120111 60
1170212767 1
1170232481 0
1170285098 61
1170297262 61
1170315723 0
1170317285 233
1170395670 521
1170396508 101
1170405204 1
1170405515 101
1170409330 0
1170416787 1
1170417104 102
1170425437 0
1170436205 0
1170491065 0
1170496844 0
1170530760 0
1170618958 0
1170671026 0
1170706840 0
1170916741 0
1170974937 0
1170990945 544
1170991780 0
1171014150 1199
1171040874 544
1171042581 0
1171054570 1
1171065039 0
1171090897 0
1171092928 160
1171094045 0
1171094332 53
1171094933 195
1171111703 0
1171145214 0
1171150245 711
1171153799 3
1171154449 29
1171157769 13
1171158118 65
1171159500 2
1171159750 192
1171160231 0
1171161554 1
1171162907 9
1171163147 24
1171163380 231
1171173260 12
1171173583 0
1171196491 71
1171196843 0
1171200016 0
1171204342 7
1171204613 14
1171205146 0
1171205658 0
1171212666 1
1171214463 2
1171216684 0
1171218063 12
1171221287 693
1171222573 0
1171224769 22
1171225153 2
1171228375 0
1171232258 168
1171234564 3
1171238736 0
1171255046 0
1171288842 61
1171321113 16103
1171337536 19425
1171357195 1311
1171358737 0
1171359013 1965
1171361199 1
1171361440 2498
1171365076 8514
1171374383 1552
1171376166 942
1171377332 5872
1171384133 126
1171384570 306
1171385121 7680
1171393958 7862
1171402050 688
1171403701 2046
1171405955 6281
1171412862 0
1171413115 1779
1171417328 2972
1171420612 1374
1171423115 852
1171424185 712
1171425135 1643
1171426984 3962
1171431954 9015
1171442011 9024
1171451986 8948
1171461999 3262
1171472631 1395
1171474305 145
1171474730 710
1171475696 1731
1171478338 4110
1171482652 442
1171483366 1234
1171484801 392
1171485571 0
1171485872 5
1171490036 1
1171501062 160
1171511636 0
1171525383 0
1171532724 60
1171564323 0
1171622255 0
1171694693 0
1171734798 60
1171746928 0
1171769252 0
1171783280 27
1171844294 0
1171846754 0
1171868189 1
1171869564 15
1171870836 0
1171872483 0
1171873762 1
1171875014 0
1171876102 1
1171878237 189
1171879670 0
1171880841 2
1171882349 23
1171883182 0
1171883414 234
1171884630 20
1171885208 69
1171885538 1799
1171889177 86
1171925061 0
1171984520 81
1171998808 24
1172001113 1
1172006396 23
1172006619 0
1172010257 66
1172108562 0
1172357078 266
1172427869 0
1172433487 0
1172434532 0
1172485662 60
1172488475 0
1172506752 0
1172507080 0
1172509229 1
1172530433 0
1172561906 0
1172595537 1
1172603030 0
1172603250 0
1172618554 0
1172703667 0
1172813885 117
1172952986 1
1173013127 0
1173024698 84
1173034201 23
1173037815 1
1173124284 0
1173133683 0
1173187311 0
1173212421 221
1173219859 0
1173220070 6
1173236327 27
1173236899 0
1173237145 0
1173237713 0
1173276860 155
1173285686 0
1173290781 195
1173298137 16
1173597731 0
1173631515 223
1173645574 1
1173689410 61
1173705356 0
1173709946 0
1173719416 0
1173720221 0
1173734800 1
1173756930 0
1173819131 0
1173819351 60
1173928352 0
1173960647 0
1173998102 1
1174001685 0
1174011576 840
1174023522 0
1174023869 0
1174026935 0
1174037189 1
1174052031 97
1174060204 0
1174060462 0
1174060802 60
1174069104 0
1174074348 0
1174138647 0
1174151255 0
1174163271 0
1174166286 0
1174167475 0
1174167701 44
1174169227 0
1174172922 167
1174174238 1
1174182100 0
1174206964 241
1174224103 193
1174224554 209
1174245458 0
1174245678 0
1174248277 0
1174248911 0
1174252862 0
1174312543 0
1174339477 748
1174340675 0
1174353316 1
1174360996 0
1174363233 61
1174383557 491
1174400832 0
1174402701 0
1174412220 0
1174415503 0
1174415723 0
1174425397 0
1174431184 0
1174479696 17
1174492039 0
1174493085 18
1174493481 0
1174494130 18
1174495792 220
1174496940 23
1174504775 0
1174514549 0
1174545596 0
1174563646 0
1174582408 60
1174624695 1
1174646512 0
1174648808 39
1174652642 0
1174665958 0
1174667364 0
1174669301 67
1174681643 1
1174723850 0
1174736014 0
1174761986 11
1174773934 0
1174787413 0
1174797982 0
1174799469 0
1174802527 0
1174874396 0
1174876134 0
1174920421 78
1174920867 0
1174922590 18
1174926975 18
1174929130 66
1174942783 285
