329412
195133
771
38257
3325
81203
102306
26638
82886
45955
273123
75441
7384
174775
61949
17207
94032
192171
244346
7639
325549
8833
5962
4444
325573
699571
250952
23809
242431
25654
3842
810
227302
12423
45017
13306
28560
68591
35438
7152
7863
2820
3366
69100
15375
163938
94688
145946
66409
224416
28535
45842
49702
88747
48454
7446
42558
813
196305
46058
47406
45180
76984
25985
31431
93727
48816
164028
639302
47233
158204
539801
