1128641377 0
1128970789 0
1129165922 0
1129166693 0
1129204950 0
1129208275 101
1129289579 0
1129391885 112
1129418635 0
1129501521 0
1129547476 1
1129820600 0
1129896041 0
1129903425 0
1130078200 160
1130140309 1
1130157517 0
1130251549 40
1130443760 27
1130688133 0
1130695772 1
1131021322 0
1131030155 104
1131036221 499
1131041164 0
1131366737 164
1132066472 1
1132317425 62
1132341296 0
1132583727 0
1132609381 0
1132613223 0
1132614033 0
1132841335 115
1132853873 0
1132898890 0
1132912196 0
1132940756 1
1133009348 151
1133044937 0
1133052089 0
1133059952 48
1133062820 1
1133066187 50
1133135337 0
1133150712 0
1133314650 0
1133409338 426
1133555710 0
1133622119 0
1133846535 911
1133875981 369
1133922192 0
1133971894 0
1134060641 0
1134109095 0
1134116541 0
1134159099 1466
1134161378 0
1134357683 40
1134403781 0
1134451187 0
1134496367 132
1134573483 0
1134599468 144
1134631043 103
1134724873 87
1134773776 130
1134937934 96
1135577332 0
1135624565 30
1135782799 0
